DEPREAMMD	DEPREAMTVD	ROPA_AVG	WOB_AVG	TORQ_AVG	SURFRPM_AVG	MOTORRPM_AVG	BITRPM_AVG	SPP_AVG	CHKP_AVG	CEMENTP_AVG	SPM01_AVG	SPM02_AVG	SPM03_AVG	PITACTIVE_AVG	FLOWIN_AVG	FLOWOUTP_AVG	DIN_AVG	TIN_AVG	DOUT_AVG	TOUT_AVG
m	m	m/h	kLbf	kLbf.ft	rpm	rpm	rpm	Psi	Psi	Psi	Stk/min	Stk/min	Stk/min	bbl	gal/min	%	ppg	°C	ppg	°C
737.5	737.49	36.99	186.02	1	40	0	40.3	690	0	0	58	62	0	273.629	598	1.62	11.03	33.767	0	29.4
737.75	737.74	30.8	186.06	1	40	0	40.2	691	0	0	58	62	0	273.707	598	1.81	11.03	33.769	5.21	34.2
738	737.99	26.16	186.07	1	40	0	40.2	693	0	0	58	62	0	274.225	599	2.19	11.03	33.775	2.4	32.1
738.25	738.24	27.22	186.07	1	40	0	40.2	693	0	0	58	62	0	274.947	598	1.87	11.03	33.779	7.17	37.5
738.5	738.49	23.88	186.07	1	40	0	40.2	693	0	0	58	62	0	274.737	598	1.77	11.02	33.777	4.83	33.6
738.75	738.74	24.27	186.09	1	40	0	40.2	694	0	0	58	62	0	274.167	599	2.09	11.02	33.775	4.77	34.8
739	738.99	21.68	137.87	1	40	0	40.2	696	0	0	58	62	0	269.829	598	2.05	11.03	33.777	7.14	37.4
739.25	739.24	0.41	9.91	2	40	0	40.1	694	0	0	58	62	0	267.298	598	2.04	11.03	33.781	4.82	33.6
739.5	739.49	0.97	9.85	3	46	0	45.5	660	0	0	58	59	0	260.327	586	2.14	11.02	33.809	4.75	33.9
739.75	739.74	17.25	7.44	5	60	0	59.8	590	0	0	59	52	0	251.566	553	2.81	11.02	33.869	7.07	36.3
740	739.99	22.99	0.12	3	60	0	60	637	0	0	59	53	0	251.375	561	2.85	11.02	33.87	0	29.4
740.25	740.24	20.71	0.12	1	60	0	60.1	687	0	0	59	58	0	250.652	584	2.52	11.02	33.869	7.1	36.5
740.5	740.49	22.43	0.08	1	60	0	60.3	689	0	0	59	61	0	249.775	601	2.26	11.02	33.869	3.53	32.9
740.75	740.74	24.89	0.09	1	58	0	58.1	472	0	0	59	62	0	257.552	604	2.18	11.02	33.872	7.23	37.1
741	740.99	14.65	0.01	1	58	0	58	619	0	0	59	62	0	260.205	604	2.47	11.02	33.871	7.88	39.3
741.25	741.24	18.14	0	1	58	0	57.9	655	0	0	58	61	0	260.211	595	2.56	11.02	33.871	8.07	40.1
741.5	741.49	26.64	0	1	58	0	57.9	517	0	0	59	62	0	257.922	604	2.01	11.02	33.867	8.01	39.5
741.75	741.74	15.19	0	1	58	0	58	549	0	0	59	62	0	246.403	606	2.98	11.02	33.87	7.83	38.2
742	741.99	15.27	7.69	1	58	0	58	663	0	0	59	61	0	244.669	599	2.36	11.02	33.87	7.52	37
742.25	742.24	17.25	9.72	1	58	0	58.3	762	0	0	59	61	0	243.896	599	2.43	11.02	33.868	7.3	36.6
742.5	742.49	16.16	9.77	1	58	0	58.4	775	0	0	59	62	0	246.183	602	2.55	11.03	33.873	7.24	36.7
742.75	742.74	16.94	9.72	1	58	0	58.4	750	0	0	58	61	0	247.971	597	2.22	11.02	33.875	7.2	36.7
743	742.99	17.01	9.66	1	58	0	58.4	736	0	0	58	62	0	249.878	600	2.45	11.02	33.878	7.18	36.8
743.25	743.24	17.28	9.67	1	58	0	58.4	730	0	0	59	62	0	251.049	601	2.48	11.02	33.877	0	28.3
743.5	743.49	17.25	9.67	1	58	0	58.4	724	0	0	59	62	0	253.502	603	2.47	11.02	33.876	7.11	36.8
743.75	743.74	17.25	9.65	1	58	0	58.4	725	0	0	59	62	0	256.288	603	2.39	11.02	33.876	0	28.3
744	743.99	12.69	9.71	1	58	0	58.3	735	0	0	59	62	0	261.161	602	2.4	11.02	33.877	7.38	37.4
744.25	744.25	28.07	9.86	1	58	0	58.3	760	0	0	59	62	0	257.868	602	2.26	11.02	33.878	0	28.4
744.5	744.49	12.21	9.97	1	58	0	58.3	768	0	0	59	62	0	251.873	601	2.37	11.02	33.878	7.21	36.9
744.75	744.74	18.14	9.91	1	58	0	58.2	784	0	0	59	62	0	252.556	604	2.66	11.02	33.879	0	28.3
745	744.99	25.89	9.92	1	58	0	58	902	0	0	62	64	0	252.006	631	2.61	11.02	33.88	8.37	37
745.25	745.24	26.39	9.85	1	58	0	57.9	996	0	0	66	69	0	250.694	676	3.01	11.02	33.879	0	28.3
745.5	745.49	25.16	9.93	1	58	0	58.2	984	0	0	68	72	0	249.486	701	3.26	11.02	33.881	8.6	37
745.75	745.74	24.71	9.86	1	59	0	58.6	965	0	0	69	72	0	248.117	704	2.76	11.02	33.882	0	28.3
746	745.99	23.47	9.88	1	59	0	58.8	958	0	0	69	72	0	247.311	702	2.68	11.02	33.883	8.6	37
746.25	746.24	23.63	9.91	1	59	0	58.8	953	0	0	68	71	0	247.529	695	2.83	11.02	33.881	0	28.3
746.5	746.49	22.78	9.97	1	59	0	58.7	949	0	0	68	71	0	247.603	693	2.72	11.02	33.878	8.6	37
746.75	746.75	23.97	9.93	1	59	0	58.8	947	0	0	68	72	0	247.064	700	2.83	11.02	33.878	0	28.4
747	746.99	31.93	9.85	1	59	0	58.9	948	0	0	69	72	0	245.9	704	2.94	11.02	33.876	8.6	37.1
747.25	747.24	32.66	9.9	1	59	0	58.7	945	0	0	69	72	0	248.631	704	2.96	11.02	33.883	8.6	37.2
747.5	747.49	34.63	9.86	1	59	0	58.9	947	0	0	69	72	0	256.596	703	3.38	11.03	33.888	8.61	38.8
747.75	747.75	32.79	9.83	1	59	0	58.8	952	0	0	68	71	0	264.604	692	2.99	11.02	33.887	8.6	39.7
748	747.99	31.22	9.79	1	59	0	58.8	942	0	0	65	67	0	267.449	658	2.21	11.02	33.881	8.59	39.3
748.25	748.24	34.17	9.83	1	59	0	58.6	925	0	0	65	68	0	267.111	662	2.11	11.02	33.878	8.59	38.5
748.5	748.5	33.54	9.85	1	59	0	58.7	920	0	0	68	72	0	263.274	698	3.37	11.02	33.878	8.61	38.3
748.75	748.74	30.86	9.81	1	59	0	58.7	911	0	0	69	72	0	257.436	705	2.05	11.02	33.885	8.6	38.2
749	748.99	32.92	9.77	1	59	0	58.7	973	0	0	69	72	0	251.593	705	2.77	11.02	33.883	8.59	38.2
749.25	749.24	31.97	9.83	1	59	0	58.7	1048	0	0	69	72	0	247.283	702	2.84	11.02	33.882	8.6	38.2
749.5	749.49	29.6	9.75	1	59	0	58.8	1073	0	0	69	72	0	245.545	704	3.19	11.02	33.886	8.6	37.8
749.75	749.74	30.32	9.87	1	59	0	58.7	1028	0	0	68	71	0	244.682	691	3.29	11.02	33.882	8.6	36.2
750	750	25.76	10	1	59	0	58.8	1007	0	0	67	71	0	247.202	688	4.02	11.02	33.876	8.59	35.9
750.25	750.24	24.33	9.99	1	59	0	58.8	995	0	0	68	71	0	256.475	697	3.3	11.02	33.88	8.6	37.9
750.5	750.49	25.38	10.02	1	59	0	58.8	983	0	0	69	72	0	262.78	703	2.6	11.02	33.879	8.6	38.4
750.75	750.74	26.09	9.99	1	59	0	58.7	961	0	0	69	72	0	260.388	704	3.16	11.02	33.886	8.59	37
751	750.99	26.2	10	1	59	0	58.7	928	0	0	69	72	0	256.138	705	3.1	11.03	33.893	8.6	35.7
751.25	751.24	25.03	9.94	1	59	0	58.8	934	0	0	69	72	0	251.221	705	3.33	11.03	33.89	8.6	35
751.5	751.49	22.69	10.01	1	59	0	58.7	1030	0	0	69	72	0	245.96	702	3.06	11.02	33.887	8.6	34.8
751.75	751.74	18.22	10.05	1	59	0	58.7	1054	0	0	68	70	0	240.949	689	3.15	11.02	33.884	8.6	35.2
752	751.99	18.61	10.12	1	59	0	58.7	1009	0	0	68	71	0	239.216	693	3.06	11.02	33.884	8.6	35.5
752.25	752.24	18.33	10.1	1	59	0	58.6	993	0	0	68	72	0	238.621	702	2.86	11.02	33.888	8.6	36.3
752.5	752.49	18.66	10.08	1	59	0	58.7	989	0	0	69	72	0	241.746	703	2.57	11.02	33.886	8.6	36.7
752.75	752.74	17.83	10.07	1	59	0	58.7	967	0	0	69	72	0	246.728	704	3.37	11.02	33.888	8.6	37
753	752.99	8.58	10.24	1	59	0	58.7	947	0	0	68	72	0	269.768	700	3.25	11.02	33.888	8.6	38.9
753.25	753.23	28.95	11.16	1	59	0	59.2	932	0	0	69	72	0	267.631	701	3.45	11.02	33.899	8.6	37.3
753.5	753.49	28.28	10.85	1	59	0	59.3	968	0	0	69	72	0	261.771	705	3.31	11.02	33.899	8.62	37.4
753.75	753.75	28.25	10.88	1	59	0	59.4	965	0	0	69	72	0	260.492	703	3.54	11.02	33.9	8.61	37.4
754	753.98	25.17	10.92	1	59	0	59.4	934	0	0	69	72	0	259.779	704	2.96	11.03	33.908	8.6	37.4
754.25	754.24	24.75	10.93	1	59	0	59.4	937	0	0	69	72	0	259.226	705	3.55	11.01	33.91	8.59	37.4
754.5	754.49	22.36	10.92	1	59	0	59.4	933	0	0	69	72	0	258.044	705	3.63	11.01	33.905	8.6	37.4
754.75	754.73	21.63	10.93	1	59	0	59.4	933	0	0	69	72	0	256.843	705	3.23	11.02	33.902	8.6	37.4
755	754.99	20.68	10.97	1	60	0	59.5	931	0	0	69	72	0	255.531	704	3.88	11.01	33.905	8.6	37.4
755.25	755.24	20.17	11	1	60	0	59.5	935	0	0	69	72	0	253.989	706	3.89	11.02	33.905	8.6	37.4
755.5	755.49	20.57	11.07	1	59	0	59.3	934	0	0	69	72	0	254.673	706	3.27	11.03	33.901	8.6	37.4
755.75	755.74	20.84	11.03	1	59	0	59.3	934	0	0	69	72	0	266.814	705	3.57	11.02	33.905	8.59	37.4
756	755.99	20.55	11.13	1	59	0	59.3	935	0	0	69	72	0	269.912	704	2.77	11.02	33.903	8.59	37.4
756.25	756.24	20.55	11.13	1	59	0	59.4	935	0	0	69	72	0	268.668	705	2.86	11.02	33.904	8.6	37.4
756.5	756.49	20.55	11.12	1	59	0	59.3	936	0	0	69	72	0	275.046	706	3.1	11.02	33.907	8.59	38.3
756.75	756.74	20.6	11.11	1	59	0	59.2	942	0	0	69	72	0	277.266	706	3.15	11.02	33.91	8.6	40.1
757	756.99	21.06	11.13	1	59	0	59.3	923	0	0	69	72	0	265.493	706	2.97	11.02	33.909	8.6	39.1
757.25	757.24	21.07	11.13	1	59	0	59.3	897	0	0	69	72	0	259.539	707	2.82	11.03	33.906	8.6	37.9
757.5	757.49	18.02	11.12	1	59	0	59.3	942	0	0	69	72	0	257.183	707	3.1	11.01	33.902	8.6	37.4
757.75	757.74	17.91	11.3	1	59	0	59.2	1047	0	0	69	72	0	255.458	702	3.37	11.01	33.907	8.6	37.5
758	757.99	16.87	11.41	1	59	0	59.2	1012	0	0	69	71	0	253.886	701	2.86	11.02	33.91	8.59	37.5
758.25	758.24	21.11	11.4	1	59	0	59.2	987	0	0	69	72	0	251.487	704	3.04	11.02	33.916	8.6	37.5
758.5	758.49	20.52	11.39	1	59	0	59.2	981	0	0	69	72	0	249.636	705	2.9	11.01	33.912	8.6	37.5
758.75	758.74	20.8	11.36	1	59	0	59.2	972	0	0	69	72	0	246.787	705	3.28	11.02	33.907	8.6	37.5
759	758.99	21.57	11.37	1	59	0	59.1	951	0	0	68	71	0	245.256	694	3.4	11.02	33.907	8.6	37.5
759.25	759.23	21.3	11.43	1	59	0	59.1	946	0	0	68	70	0	244.465	692	3.06	11.01	33.908	8.61	37.5
759.5	759.49	22.1	11.43	1	59	0	59.2	944	0	0	69	72	0	244.431	703	3.55	11.03	33.909	8.6	37.4
759.75	759.74	21.29	11.41	1	59	0	59.2	945	0	0	69	72	0	249.056	707	3.06	11.02	33.913	8.6	38
760	759.98	22.37	11.36	1	59	0	59.1	940	0	0	69	72	0	253.089	706	3.56	11	33.911	8.6	40.2
760.25	760.24	21.96	11.37	1	59	0	59.2	918	0	0	68	70	0	246.305	693	2.98	11.01	33.907	8.6	40.4
760.5	760.49	22.53	11.36	1	59	0	59.2	900	0	0	69	71	0	241.705	695	3.7	11.01	33.912	8.6	39
760.75	760.73	21.36	11.23	1	59	0	59.1	970	0	0	69	72	0	240.032	707	3.06	11.03	33.91	8.6	37.6
761	760.99	21.49	11.23	1	59	0	59.1	1053	0	0	69	72	0	238.987	702	3.54	11.01	33.912	8.6	37
761.25	761.24	20.51	11.23	1	59	0	59.1	1077	0	0	69	71	0	238.967	702	3.6	11.02	33.913	8.6	36.9
761.5	761.49	21.31	11.29	1	59	0	59	1025	0	0	69	71	0	240.293	701	3.57	11.02	33.915	8.6	37
761.75	761.74	21.82	11.31	1	59	0	58.9	1005	0	0	69	72	0	242.292	704	3.82	11.02	33.915	8.6	37
762	761.99	16.01	10.78	1	59	0	59	997	0	0	69	72	0	243.427	703	3.67	11.02	33.914	8.6	37
762.25	762.23	18.66	2.2	1	59	0	59.1	992	0	0	69	72	0	244.88	704	3.1	11.02	33.915	8.6	37
762.5	762.49	20.55	2.26	1	59	0	59.2	960	0	0	69	72	0	245.075	705	3.28	11.01	33.912	8.6	37.1
762.75	762.73	20.34	2.25	1	59	0	59	958	0	0	69	72	0	244.602	705	3.11	11.02	33.911	8.6	38.2
763	762.99	20.78	2.31	1	59	0	59	955	0	0	69	72	0	245.464	706	3.22	11.01	33.914	8.6	39.9
763.25	763.23	20.71	2.24	1	59	0	59.1	937	0	0	69	72	0	238.04	705	3.46	11.01	33.914	8.6	38.8
763.5	763.49	20.79	2.25	1	59	0	59	909	0	0	69	72	0	234.689	706	3.16	11.01	33.915	8.6	37.6
763.75	763.73	20.16	2.25	1	59	0	59	968	0	0	69	72	0	236.312	707	3.32	11.02	33.917	8.6	37.3
764	763.98	19.87	2.3	1	59	0	58.9	1055	0	0	69	72	0	239.914	704	3.15	11.02	33.915	8.6	37.4
764.25	764.23	20.09	2.37	1	59	0	59	1073	0	0	69	71	0	244.151	701	3.73	11.01	33.917	8.6	37.4
764.5	764.48	19.26	2.41	1	59	0	59	1022	0	0	69	71	0	248.066	700	3.23	11.02	33.917	8.6	37.4
764.75	764.73	19.44	2.46	1	59	0	59	1012	0	0	69	71	0	252.08	703	2.68	11.02	33.919	8.6	37.5
765	764.98	18.45	2.54	1	59	0	58.9	1002	0	0	69	71	0	256.464	701	3.01	11.02	33.922	8.6	37.4
765.25	765.23	18.68	2.61	1	59	0	58.9	975	0	0	69	72	0	267.034	705	3.67	11.02	33.924	8.6	38
765.5	765.48	18.63	2.57	1	59	0	59	968	0	0	69	72	0	278.617	704	3.47	11.02	33.921	8.6	38.5
765.75	765.73	19.45	2.49	1	59	0	58.9	946	0	0	69	72	0	280.631	706	3.64	11.02	33.918	8.59	37.8
766	765.98	18.27	2.47	1	59	0	58.9	935	0	0	69	72	0	278.219	706	3.59	11.01	33.924	8.6	37.5
766.25	766.23	18.48	2.08	1	59	0	58.9	1009	0	0	69	72	0	268.859	706	2.63	11.02	33.927	8.6	37.5
766.5	766.48	6.33	6.43	3	51	0	50.6	819	0	0	65	65	0	260.94	653	2.84	11.02	33.925	8.6	37.3
766.75	766.73	5.56	8.11	2	48	0	48	627	0	0	54	58	0	263.297	558	2.68	11.02	33.928	8.6	37
767	766.98	7.35	8.24	2	48	0	48	612	0	0	54	57	0	262.903	556	2.54	11.02	33.928	8.6	36.5
767.25	767.23	12.75	7.72	1	48	0	48	607	0	0	54	57	0	257.78	555	2.65	11.02	33.929	8.6	36.3
767.5	767.49	18.16	7.48	2	48	0	48	602	0	0	54	57	0	254.597	556	2.97	11.02	33.928	8.6	36.4
767.75	767.73	16.56	7.42	1	56	0	56	829	0	0	57	61	0	253.281	589	2.92	11.02	33.93	8.6	36.7
768	767.98	12.29	7.26	2	59	0	58.6	935	0	0	68	71	0	256.43	694	2.59	11.02	33.93	8.6	37.2
768.25	768.23	12.63	7.24	2	59	0	59.1	935	0	0	69	72	0	264.536	703	2.77	11.02	33.935	8.6	38
768.5	768.48	14.51	7.51	1	59	0	58.6	920	0	0	69	72	0	271.773	705	3.2	11.02	33.931	8.6	37.3
768.75	768.73	16.66	7.49	2	59	0	58.8	990	0	0	69	72	0	276.363	703	3.37	11.02	33.932	8.6	37.3
769	768.99	17.42	7.58	2	58	0	58.4	1008	0	0	69	71	0	279.092	701	3.21	11.02	33.932	8.61	37.3
769.25	769.23	17.95	7.34	2	58	0	58.4	986	0	0	69	71	0	277.386	701	2.84	11.02	33.94	8.6	37.3
769.5	769.48	19.68	7.29	1	59	0	58.5	978	0	0	69	71	0	276.967	702	3.51	11.02	33.939	8.6	37.4
769.75	769.73	19.54	7.25	1	58	0	58.4	975	0	0	69	71	0	272.001	700	2.79	11.02	33.933	8.6	37.4
770	769.98	19.35	7.28	2	61	0	60.6	943	0	0	69	72	0	264.515	704	2.85	11.02	33.938	8.59	37.4
770.25	770.24	19.59	7.28	2	68	0	68.5	939	0	0	69	72	0	256.757	704	2.25	11.02	33.934	8.6	37.4
770.5	770.48	19.13	6.67	1	69	0	69.4	940	0	0	69	72	0	253.125	703	2.68	11.02	33.936	8.61	37.5
770.75	770.73	19.27	6.3	1	69	0	69.4	941	0	0	69	72	0	252.029	704	3.33	11.02	33.937	8.6	37.5
771	771.02	12.49	3.55	1	60	0	60	1272	0	0	72	73	0	370.89	722	3.29	10.98	34.3	9.23	40.9
771.25	771.27	115.11	0	1	48	0	48.2	1699	0	0	75	74	0	524.662	743	3.59	10.94	34.769	11.05	47.4
771.5	771.51	104.52	0.01	1	48	0	48.2	1695	0	0	76	74	0	524.64	748	2.9	10.93	34.769	11.06	47.4
771.75	771.73	7.65	1.77	1	48	0	48	1695	0	0	76	74	0	526.029	749	3.01	10.93	34.769	11.09	47.5
